0.4 0.0247582
0.401001 0.0248049
0.402002 0.0248634
0.403002 0.024933
0.404003 0.0250133
0.405004 0.0251035
0.406005 0.025203
0.407006 0.0253109
0.408006 0.0254266
0.409007 0.0255494
0.410008 0.0256783
0.411009 0.0258127
0.41201 0.0259518
0.41301 0.0260948
0.414011 0.026241
0.415012 0.0263896
0.416013 0.02654
0.417014 0.0266914
0.418014 0.0268432
0.419015 0.0269948
0.420016 0.0271456
0.421017 0.0272951
0.422018 0.0274426
0.423018 0.0275879
0.424019 0.0277303
0.42502 0.0278696
0.426021 0.0280053
0.427022 0.0281372
0.428022 0.0282649
0.429023 0.0283883
0.430024 0.0285072
0.431025 0.0286213
0.432026 0.0287306
0.433026 0.0288349
0.434027 0.0289343
0.435028 0.0290286
0.436029 0.029118
0.43703 0.0292024
0.43803 0.0292818
0.439031 0.0293564
0.440032 0.0294263
0.441033 0.0294916
0.442034 0.0295525
0.443034 0.0296091
0.444035 0.0296616
0.445036 0.0297101
0.446037 0.0297549
0.447038 0.0297963
0.448038 0.0298343
0.449039 0.0298693
0.45004 0.0299015
0.451041 0.0299311
0.452042 0.0299583
0.453042 0.0299834
0.454043 0.0300066
0.455044 0.0300282
0.456045 0.0300483
0.457046 0.0300672
0.458046 0.0300852
0.459047 0.0301023
0.460048 0.0301189
0.461049 0.0301352
0.46205 0.0301513
0.46305 0.0301674
0.464051 0.0301837
0.465052 0.0302004
0.466053 0.0302176
0.467054 0.0302354
0.468054 0.030254
0.469055 0.0302736
0.470056 0.0302942
0.471057 0.030316
0.472058 0.030339
0.473058 0.0303633
0.474059 0.030389
0.47506 0.0304162
0.476061 0.030445
0.477062 0.0304752
0.478062 0.0305071
0.479063 0.0305407
0.480064 0.0305759
0.481065 0.0306127
0.482066 0.0306512
0.483066 0.0306914
0.484067 0.0307333
0.485068 0.0307767
0.486069 0.0308218
0.48707 0.0308684
0.48807 0.0309166
0.489071 0.0309662
0.490072 0.0310173
0.491073 0.0310698
0.492074 0.0311236
0.493074 0.0311787
0.494075 0.031235
0.495076 0.0312924
0.496077 0.0313508
0.497078 0.0314103
0.498078 0.0314706
0.499079 0.0315318
0.50008 0.0315938
0.501081 0.0316564
0.502082 0.0317196
0.503082 0.0317834
0.504083 0.0318475
0.505084 0.0319121
0.506085 0.0319769
0.507086 0.0320418
0.508086 0.0321069
0.509087 0.0321721
0.510088 0.0322372
0.511089 0.0323022
0.51209 0.032367
0.51309 0.0324315
0.514091 0.0324957
0.515092 0.0325596
0.516093 0.0326229
0.517094 0.0326857
0.518094 0.032748
0.519095 0.0328096
0.520096 0.0328705
0.521097 0.0329307
0.522098 0.0329901
0.523098 0.0330486
0.524099 0.0331063
0.5251 0.033163
0.526101 0.0332187
0.527102 0.0332735
0.528102 0.0333272
0.529103 0.0333798
0.530104 0.0334314
0.531105 0.0334818
0.532106 0.0335311
0.533106 0.0335793
0.534107 0.0336262
0.535108 0.033672
0.536109 0.0337166
0.53711 0.03376
0.53811 0.0338022
0.539111 0.0338431
0.540112 0.0338828
0.541113 0.0339213
0.542114 0.0339586
0.543114 0.0339947
0.544115 0.0340296
0.545116 0.0340633
0.546117 0.0340958
0.547118 0.0341271
0.548118 0.0341573
0.549119 0.0341863
0.55012 0.0342141
0.551121 0.0342409
0.552122 0.0342666
0.553122 0.0342912
0.554123 0.0343147
0.555124 0.0343372
0.556125 0.0343587
0.557126 0.0343792
0.558127 0.0343988
0.559127 0.0344174
0.560128 0.0344351
0.561129 0.0344519
0.56213 0.0344678
0.563131 0.034483
0.564131 0.0344973
0.565132 0.0345108
0.566133 0.0345236
0.567134 0.0345357
0.568135 0.0345471
0.569135 0.0345578
0.570136 0.0345678
0.571137 0.0345773
0.572138 0.0345862
0.573139 0.0345945
0.574139 0.0346023
0.57514 0.0346096
0.576141 0.0346164
0.577142 0.0346228
0.578143 0.0346287
0.579143 0.0346343
0.580144 0.0346395
0.581145 0.0346443
0.582146 0.0346488
0.583147 0.0346531
0.584147 0.034657
0.585148 0.0346607
0.586149 0.0346641
0.58715 0.0346674
0.588151 0.0346705
0.589151 0.0346734
0.590152 0.0346761
0.591153 0.0346787
0.592154 0.0346812
0.593155 0.0346836
0.594155 0.034686
0.595156 0.0346882
0.596157 0.0346905
0.597158 0.0346927
0.598159 0.0346949
0.599159 0.0346971
0.60016 0.0346993
0.601161 0.0347015
0.602162 0.0347037
0.603163 0.0347061
0.604163 0.0347084
0.605164 0.0347109
0.606165 0.0347134
0.607166 0.034716
0.608167 0.0347187
0.609167 0.0347215
0.610168 0.0347244
0.611169 0.0347274
0.61217 0.0347306
0.613171 0.0347338
0.614171 0.0347372
0.615172 0.0347408
0.616173 0.0347445
0.617174 0.0347483
0.618175 0.0347523
0.619175 0.0347564
0.620176 0.0347606
0.621177 0.0347651
0.622178 0.0347696
0.623179 0.0347744
0.624179 0.0347793
0.62518 0.0347843
0.626181 0.0347895
0.627182 0.0347948
0.628183 0.0348003
0.629183 0.034806
0.630184 0.0348117
0.631185 0.0348177
0.632186 0.0348238
0.633187 0.03483
0.634187 0.0348363
0.635188 0.0348428
0.636189 0.0348495
0.63719 0.0348562
0.638191 0.0348631
0.639191 0.0348701
0.640192 0.0348772
0.641193 0.0348844
0.642194 0.0348917
0.643195 0.0348991
0.644195 0.0349067
0.645196 0.0349143
0.646197 0.034922
0.647198 0.0349297
0.648199 0.0349376
0.649199 0.0349455
0.6502 0.0349535
0.651201 0.0349616
0.652202 0.0349697
0.653203 0.0349778
0.654203 0.034986
0.655204 0.0349942
0.656205 0.0350025
0.657206 0.0350108
0.658207 0.0350191
0.659207 0.0350274
0.660208 0.0350358
0.661209 0.0350441
0.66221 0.0350524
0.663211 0.0350607
0.664211 0.0350691
0.665212 0.0350774
0.666213 0.0350856
0.667214 0.0350939
0.668215 0.0351021
0.669215 0.0351102
0.670216 0.0351183
0.671217 0.0351264
0.672218 0.0351344
0.673219 0.0351424
0.674219 0.0351503
0.67522 0.0351581
0.676221 0.0351658
0.677222 0.0351735
0.678223 0.035181
0.679223 0.0351885
0.680224 0.0351959
0.681225 0.0352032
0.682226 0.0352104
0.683227 0.0352175
0.684227 0.0352245
0.685228 0.0352314
0.686229 0.0352382
0.68723 0.0352448
0.688231 0.0352513
0.689231 0.0352577
0.690232 0.035264
0.691233 0.0352701
0.692234 0.0352762
0.693235 0.035282
0.694235 0.0352878
0.695236 0.0352934
0.696237 0.0352988
0.697238 0.0353041
0.698239 0.0353093
0.699239 0.0353143
0.70024 0.0353191
0.701241 0.0353238
0.702242 0.0353284
0.703243 0.0353328
0.704243 0.035337
0.705244 0.0353411
0.706245 0.035345
0.707246 0.0353487
0.708247 0.0353523
0.709247 0.0353558
0.710248 0.035359
0.711249 0.0353621
0.71225 0.0353651
0.713251 0.0353679
0.714251 0.0353705
0.715252 0.0353729
0.716253 0.0353752
0.717254 0.0353773
0.718255 0.0353793
0.719255 0.0353811
0.720256 0.0353827
0.721257 0.0353842
0.722258 0.0353855
0.723259 0.0353866
0.724259 0.0353876
0.72526 0.0353884
0.726261 0.0353891
0.727262 0.0353896
0.728263 0.0353899
0.729263 0.0353901
0.730264 0.0353901
0.731265 0.03539
0.732266 0.0353897
0.733267 0.0353893
0.734267 0.0353887
0.735268 0.0353879
0.736269 0.035387
0.73727 0.035386
0.738271 0.0353848
0.739271 0.0353835
0.740272 0.035382
0.741273 0.0353804
0.742274 0.0353787
0.743275 0.0353768
0.744275 0.0353748
0.745276 0.0353726
0.746277 0.0353704
0.747278 0.0353679
0.748279 0.0353654
0.749279 0.0353627
0.75028 0.0353599
0.751281 0.035357
0.752282 0.035354
0.753283 0.0353508
0.754283 0.0353476
0.755284 0.0353442
0.756285 0.0353407
0.757286 0.0353371
0.758287 0.0353334
0.759287 0.0353296
0.760288 0.0353257
0.761289 0.0353216
0.76229 0.0353175
0.763291 0.0353133
0.764291 0.035309
0.765292 0.0353046
0.766293 0.0353001
0.767294 0.0352955
0.768295 0.0352908
0.769295 0.0352861
0.770296 0.0352812
0.771297 0.0352763
0.772298 0.0352713
0.773299 0.0352662
0.774299 0.0352611
0.7753 0.0352559
0.776301 0.0352506
0.777302 0.0352453
0.778303 0.0352398
0.779303 0.0352344
0.780304 0.0352288
0.781305 0.0352232
0.782306 0.0352176
0.783307 0.0352118
0.784307 0.0352061
0.785308 0.0352003
0.786309 0.0351944
0.78731 0.0351885
0.788311 0.0351825
0.789311 0.0351765
0.790312 0.0351705
0.791313 0.0351644
0.792314 0.0351583
0.793315 0.0351521
0.794315 0.0351459
0.795316 0.0351397
0.796317 0.0351335
0.797318 0.0351272
0.798319 0.0351209
0.799319 0.0351146
0.80032 0.0351082
0.801321 0.0351018
0.802322 0.0350954
0.803323 0.035089
0.804323 0.0350826
0.805324 0.0350761
0.806325 0.0350697
0.807326 0.0350632
0.808327 0.0350567
0.809327 0.0350502
0.810328 0.0350437
0.811329 0.0350372
0.81233 0.0350307
0.813331 0.0350242
0.814331 0.0350176
0.815332 0.0350111
0.816333 0.0350046
0.817334 0.0349981
0.818335 0.0349916
0.819335 0.0349851
0.820336 0.0349786
0.821337 0.0349721
0.822338 0.0349656
0.823339 0.0349591
0.824339 0.0349526
0.82534 0.0349462
0.826341 0.0349397
0.827342 0.0349333
0.828343 0.0349268
0.829343 0.0349204
0.830344 0.034914
0.831345 0.0349077
0.832346 0.0349013
0.833347 0.034895
0.834347 0.0348887
0.835348 0.0348824
0.836349 0.0348761
0.83735 0.0348699
0.838351 0.0348636
0.839351 0.0348574
0.840352 0.0348513
0.841353 0.0348451
0.842354 0.034839
0.843355 0.0348329
0.844355 0.0348268
0.845356 0.0348208
0.846357 0.0348148
0.847358 0.0348088
0.848359 0.0348028
0.849359 0.0347969
0.85036 0.034791
0.851361 0.0347852
0.852362 0.0347794
0.853363 0.0347736
0.854363 0.0347678
0.855364 0.0347621
0.856365 0.0347564
0.857366 0.0347508
0.858367 0.0347452
0.859367 0.0347396
0.860368 0.034734
0.861369 0.0347285
0.86237 0.0347231
0.863371 0.0347176
0.864371 0.0347122
0.865372 0.0347069
0.866373 0.0347016
0.867374 0.0346963
0.868375 0.0346911
0.869376 0.0346859
0.870376 0.0346807
0.871377 0.0346756
0.872378 0.0346705
0.873379 0.0346655
0.87438 0.0346605
0.87538 0.0346555
0.876381 0.0346506
0.877382 0.0346457
0.878383 0.0346409
0.879384 0.0346361
0.880384 0.0346313
0.881385 0.0346266
0.882386 0.0346219
0.883387 0.0346173
0.884388 0.0346127
0.885388 0.0346082
0.886389 0.0346036
0.88739 0.0345992
0.888391 0.0345948
0.889392 0.0345904
0.890392 0.034586
0.891393 0.0345817
0.892394 0.0345775
0.893395 0.0345732
0.894396 0.0345691
0.895396 0.0345649
0.896397 0.0345608
0.897398 0.0345568
0.898399 0.0345528
0.8994 0.0345488
0.9004 0.0345449
0.901401 0.034541
0.902402 0.0345371
0.903403 0.0345333
0.904404 0.0345295
0.905404 0.0345258
0.906405 0.0345221
0.907406 0.0345185
0.908407 0.0345149
0.909408 0.0345113
0.910408 0.0345077
0.911409 0.0345042
0.91241 0.0345008
0.913411 0.0344974
0.914412 0.034494
0.915412 0.0344907
0.916413 0.0344873
0.917414 0.0344841
0.918415 0.0344809
0.919416 0.0344777
0.920416 0.0344745
0.921417 0.0344714
0.922418 0.0344683
0.923419 0.0344653
0.92442 0.0344622
0.92542 0.0344593
0.926421 0.0344563
0.927422 0.0344534
0.928423 0.0344506
0.929424 0.0344477
0.930424 0.0344449
0.931425 0.0344422
0.932426 0.0344394
0.933427 0.0344367
0.934428 0.0344341
0.935428 0.0344314
0.936429 0.0344288
0.93743 0.0344262
0.938431 0.0344237
0.939432 0.0344212
0.940432 0.0344187
0.941433 0.0344163
0.942434 0.0344139
0.943435 0.0344115
0.944436 0.0344091
0.945436 0.0344068
0.946437 0.0344045
0.947438 0.0344023
0.948439 0.0344
0.94944 0.0343978
0.95044 0.0343956
0.951441 0.0343935
0.952442 0.0343914
0.953443 0.0343893
0.954444 0.0343872
0.955444 0.0343852
0.956445 0.0343831
0.957446 0.0343812
0.958447 0.0343792
0.959448 0.0343773
0.960448 0.0343753
0.961449 0.0343735
0.96245 0.0343716
0.963451 0.0343698
0.964452 0.0343679
0.965452 0.0343661
0.966453 0.0343644
0.967454 0.0343626
0.968455 0.0343609
0.969456 0.0343592
0.970456 0.0343575
0.971457 0.0343559
0.972458 0.0343542
0.973459 0.0343526
0.97446 0.034351
0.97546 0.0343495
0.976461 0.0343479
0.977462 0.0343464
0.978463 0.0343449
0.979464 0.0343434
0.980464 0.0343419
0.981465 0.0343404
0.982466 0.034339
0.983467 0.0343376
0.984468 0.0343362
0.985468 0.0343348
0.986469 0.0343334
0.98747 0.0343321
0.988471 0.0343308
0.989472 0.0343294
0.990472 0.0343281
0.991473 0.0343269
0.992474 0.0343256
0.993475 0.0343243
0.994476 0.0343231
0.995476 0.0343219
0.996477 0.0343207
0.997478 0.0343195
0.998479 0.0343183
0.99948 0.0343171
1.00048 0.034316
1.00148 0.0343149
1.00248 0.0343137
1.00348 0.0343126
1.00448 0.0343115
1.00548 0.0343105
1.00649 0.0343094
1.00749 0.0343083
1.00849 0.0343073
1.00949 0.0343062
1.01049 0.0343052
1.01149 0.0343042
1.01249 0.0343032
1.01349 0.0343022
1.01449 0.0343012
1.01549 0.0343003
1.01649 0.0342993
1.01749 0.0342984
1.01849 0.0342974
1.0195 0.0342965
1.0205 0.0342956
1.0215 0.0342947
1.0225 0.0342938
1.0235 0.0342929
1.0245 0.034292
1.0255 0.0342911
1.0265 0.0342903
1.0275 0.0342894
1.0285 0.0342886
1.0295 0.0342877
1.0305 0.0342869
1.03151 0.0342861
1.03251 0.0342852
1.03351 0.0342844
1.03451 0.0342836
1.03551 0.0342828
1.03651 0.034282
1.03751 0.0342813
1.03851 0.0342805
1.03951 0.0342797
1.04051 0.0342789
1.04151 0.0342782
1.04251 0.0342774
1.04351 0.0342767
1.04452 0.034276
1.04552 0.0342752
1.04652 0.0342745
1.04752 0.0342738
1.04852 0.034273
1.04952 0.0342723
1.05052 0.0342716
1.05152 0.0342709
1.05252 0.0342702
1.05352 0.0342695
1.05452 0.0342688
1.05552 0.0342681
1.05653 0.0342675
1.05753 0.0342668
1.05853 0.0342661
1.05953 0.0342654
1.06053 0.0342648
1.06153 0.0342641
1.06253 0.0342635
1.06353 0.0342628
1.06453 0.0342622
1.06553 0.0342615
1.06653 0.0342609
1.06753 0.0342602
1.06853 0.0342596
1.06954 0.0342589
1.07054 0.0342583
1.07154 0.0342577
1.07254 0.0342571
1.07354 0.0342564
1.07454 0.0342558
1.07554 0.0342552
1.07654 0.0342546
1.07754 0.034254
1.07854 0.0342533
1.07954 0.0342527
1.08054 0.0342521
1.08155 0.0342515
1.08255 0.0342509
1.08355 0.0342503
1.08455 0.0342497
1.08555 0.0342491
1.08655 0.0342485
1.08755 0.0342479
1.08855 0.0342473
1.08955 0.0342468
1.09055 0.0342462
1.09155 0.0342456
1.09255 0.034245
1.09355 0.0342444
1.09456 0.0342438
1.09556 0.0342432
1.09656 0.0342427
1.09756 0.0342421
1.09856 0.0342415
1.09956 0.0342409
1.10056 0.0342404
1.10156 0.0342398
1.10256 0.0342392
1.10356 0.0342386
1.10456 0.0342381
1.10556 0.0342375
1.10657 0.0342369
1.10757 0.0342364
1.10857 0.0342358
1.10957 0.0342352
1.11057 0.0342347
1.11157 0.0342341
1.11257 0.0342335
1.11357 0.034233
1.11457 0.0342324
1.11557 0.0342319
1.11657 0.0342313
1.11757 0.0342307
1.11857 0.0342302
1.11958 0.0342296
1.12058 0.0342291
1.12158 0.0342285
1.12258 0.0342279
1.12358 0.0342274
1.12458 0.0342268
1.12558 0.0342263
1.12658 0.0342257
1.12758 0.0342252
1.12858 0.0342246
1.12958 0.0342241
1.13058 0.0342235
1.13159 0.0342229
1.13259 0.0342224
1.13359 0.0342218
1.13459 0.0342213
1.13559 0.0342207
1.13659 0.0342202
1.13759 0.0342196
1.13859 0.0342191
1.13959 0.0342185
1.14059 0.034218
1.14159 0.0342174
1.14259 0.0342169
1.14359 0.0342163
1.1446 0.0342158
1.1456 0.0342152
1.1466 0.0342147
1.1476 0.0342141
1.1486 0.0342136
1.1496 0.034213
1.1506 0.0342125
1.1516 0.0342119
1.1526 0.0342114
1.1536 0.0342108
1.1546 0.0342103
1.1556 0.0342097
1.15661 0.0342092
1.15761 0.0342086
1.15861 0.0342081
1.15961 0.0342075
1.16061 0.034207
1.16161 0.0342064
1.16261 0.0342059
1.16361 0.0342053
1.16461 0.0342048
1.16561 0.0342042
1.16661 0.0342037
1.16761 0.0342031
1.16861 0.0342026
1.16962 0.034202
1.17062 0.0342015
1.17162 0.034201
1.17262 0.0342004
1.17362 0.0341999
1.17462 0.0341993
1.17562 0.0341988
1.17662 0.0341982
1.17762 0.0341977
1.17862 0.0341971
1.17962 0.0341966
1.18062 0.034196
1.18163 0.0341955
1.18263 0.0341949
1.18363 0.0341944
1.18463 0.0341939
1.18563 0.0341933
1.18663 0.0341928
1.18763 0.0341922
1.18863 0.0341917
1.18963 0.0341911
1.19063 0.0341906
1.19163 0.03419
1.19263 0.0341895
1.19363 0.034189
1.19464 0.0341884
1.19564 0.0341879
1.19664 0.0341873
1.19764 0.0341868
1.19864 0.0341862
1.19964 0.0341857
1.20064 0.0341852
1.20164 0.0341846
1.20264 0.0341841
1.20364 0.0341835
1.20464 0.034183
1.20564 0.0341825
1.20665 0.0341819
1.20765 0.0341814
1.20865 0.0341808
1.20965 0.0341803
1.21065 0.0341798
1.21165 0.0341792
1.21265 0.0341787
1.21365 0.0341781
1.21465 0.0341776
1.21565 0.0341771
1.21665 0.0341765
1.21765 0.034176
1.21865 0.0341755
1.21966 0.0341749
1.22066 0.0341744
1.22166 0.0341739
1.22266 0.0341733
1.22366 0.0341728
1.22466 0.0341723
1.22566 0.0341717
1.22666 0.0341712
1.22766 0.0341707
1.22866 0.0341701
1.22966 0.0341696
1.23066 0.0341691
1.23167 0.0341686
1.23267 0.034168
1.23367 0.0341675
1.23467 0.034167
1.23567 0.0341665
1.23667 0.0341659
1.23767 0.0341654
1.23867 0.0341649
1.23967 0.0341644
1.24067 0.0341638
1.24167 0.0341633
1.24267 0.0341628
1.24367 0.0341623
1.24468 0.0341618
1.24568 0.0341612
1.24668 0.0341607
1.24768 0.0341602
1.24868 0.0341597
1.24968 0.0341592
1.25068 0.0341587
1.25168 0.0341581
1.25268 0.0341576
1.25368 0.0341571
1.25468 0.0341566
1.25568 0.0341561
1.25669 0.0341556
1.25769 0.0341551
1.25869 0.0341546
1.25969 0.0341541
1.26069 0.0341535
1.26169 0.034153
1.26269 0.0341525
1.26369 0.034152
1.26469 0.0341515
1.26569 0.034151
1.26669 0.0341505
1.26769 0.03415
1.26869 0.0341495
1.2697 0.034149
1.2707 0.0341485
1.2717 0.034148
1.2727 0.0341476
1.2737 0.0341471
1.2747 0.0341466
1.2757 0.0341461
1.2767 0.0341456
1.2777 0.0341451
1.2787 0.0341446
1.2797 0.0341441
1.2807 0.0341436
1.28171 0.0341432
1.28271 0.0341427
1.28371 0.0341422
1.28471 0.0341417
1.28571 0.0341412
1.28671 0.0341408
1.28771 0.0341403
1.28871 0.0341398
1.28971 0.0341393
1.29071 0.0341389
1.29171 0.0341384
1.29271 0.0341379
1.29371 0.0341375
1.29472 0.034137
1.29572 0.0341365
1.29672 0.0341361
1.29772 0.0341356
1.29872 0.0341351
1.29972 0.0341347
1.30072 0.0341342
1.30172 0.0341338
1.30272 0.0341333
1.30372 0.0341328
1.30472 0.0341324
1.30572 0.0341319
1.30673 0.0341315
1.30773 0.034131
1.30873 0.0341306
1.30973 0.0341301
1.31073 0.0341297
1.31173 0.0341293
1.31273 0.0341288
1.31373 0.0341284
1.31473 0.0341279
1.31573 0.0341275
1.31673 0.0341271
1.31773 0.0341266
1.31873 0.0341262
1.31974 0.0341258
1.32074 0.0341253
1.32174 0.0341249
1.32274 0.0341245
1.32374 0.0341241
1.32474 0.0341236
1.32574 0.0341232
1.32674 0.0341228
1.32774 0.0341224
1.32874 0.034122
1.32974 0.0341216
1.33074 0.0341211
1.33175 0.0341207
1.33275 0.0341203
1.33375 0.0341199
1.33475 0.0341195
1.33575 0.0341191
1.33675 0.0341187
1.33775 0.0341183
1.33875 0.0341179
1.33975 0.0341175
1.34075 0.0341171
1.34175 0.0341167
1.34275 0.0341163
1.34376 0.0341159
1.34476 0.0341156
1.34576 0.0341152
1.34676 0.0341148
1.34776 0.0341144
1.34876 0.034114
1.34976 0.0341136
1.35076 0.0341133
1.35176 0.0341129
1.35276 0.0341125
1.35376 0.0341121
1.35476 0.0341118
1.35576 0.0341114
1.35677 0.034111
1.35777 0.0341107
1.35877 0.0341103
1.35977 0.03411
1.36077 0.0341096
1.36177 0.0341092
1.36277 0.0341089
1.36377 0.0341085
1.36477 0.0341082
1.36577 0.0341078
1.36677 0.0341075
1.36777 0.0341072
1.36878 0.0341068
1.36978 0.0341065
1.37078 0.0341061
1.37178 0.0341058
1.37278 0.0341055
1.37378 0.0341051
1.37478 0.0341048
1.37578 0.0341045
1.37678 0.0341041
1.37778 0.0341038
1.37878 0.0341035
1.37978 0.0341032
1.38078 0.0341029
1.38179 0.0341025
1.38279 0.0341022
1.38379 0.0341019
1.38479 0.0341016
1.38579 0.0341013
1.38679 0.034101
1.38779 0.0341007
1.38879 0.0341004
1.38979 0.0341001
1.39079 0.0340998
1.39179 0.0340995
1.39279 0.0340992
1.3938 0.0340989
1.3948 0.0340986
1.3958 0.0340983
1.3968 0.034098
1.3978 0.0340978
1.3988 0.0340975
1.3998 0.0340972
1.4008 0.0340969
1.4018 0.0340966
1.4028 0.0340964
1.4038 0.0340961
1.4048 0.0340958
1.4058 0.0340956
1.40681 0.0340953
1.40781 0.034095
1.40881 0.0340948
1.40981 0.0340945
1.41081 0.0340942
1.41181 0.034094
1.41281 0.0340937
1.41381 0.0340935
1.41481 0.0340932
1.41581 0.034093
1.41681 0.0340927
1.41781 0.0340925
1.41882 0.0340923
1.41982 0.034092
1.42082 0.0340918
1.42182 0.0340915
1.42282 0.0340913
1.42382 0.0340911
1.42482 0.0340909
1.42582 0.0340906
1.42682 0.0340904
1.42782 0.0340902
1.42882 0.03409
1.42982 0.0340897
1.43082 0.0340895
1.43183 0.0340893
1.43283 0.0340891
1.43383 0.0340889
1.43483 0.0340887
1.43583 0.0340885
1.43683 0.0340883
1.43783 0.0340881
1.43883 0.0340879
1.43983 0.0340877
1.44083 0.0340875
1.44183 0.0340873
1.44283 0.0340871
1.44384 0.0340869
1.44484 0.0340867
1.44584 0.0340865
1.44684 0.0340863
1.44784 0.0340862
1.44884 0.034086
1.44984 0.0340858
1.45084 0.0340856
1.45184 0.0340854
1.45284 0.0340853
1.45384 0.0340851
1.45484 0.0340849
1.45584 0.0340848
1.45685 0.0340846
1.45785 0.0340844
1.45885 0.0340843
1.45985 0.0340841
1.46085 0.034084
1.46185 0.0340838
1.46285 0.0340837
1.46385 0.0340835
1.46485 0.0340834
1.46585 0.0340832
1.46685 0.0340831
1.46785 0.0340829
1.46886 0.0340828
1.46986 0.0340826
1.47086 0.0340825
1.47186 0.0340824
1.47286 0.0340822
1.47386 0.0340821
1.47486 0.034082
1.47586 0.0340819
1.47686 0.0340817
1.47786 0.0340816
1.47886 0.0340815
1.47986 0.0340814
1.48086 0.0340812
1.48187 0.0340811
1.48287 0.034081
1.48387 0.0340809
1.48487 0.0340808
1.48587 0.0340807
1.48687 0.0340806
1.48787 0.0340805
1.48887 0.0340804
1.48987 0.0340803
1.49087 0.0340802
1.49187 0.0340801
1.49287 0.03408
1.49388 0.0340799
1.49488 0.0340798
1.49588 0.0340797
1.49688 0.0340796
1.49788 0.0340795
1.49888 0.0340794
1.49988 0.0340793
1.50088 0.0340793
1.50188 0.0340792
1.50288 0.0340791
1.50388 0.034079
1.50488 0.0340789
1.50588 0.0340789
1.50689 0.0340788
1.50789 0.0340787
1.50889 0.0340787
1.50989 0.0340786
1.51089 0.0340785
1.51189 0.0340785
1.51289 0.0340784
1.51389 0.0340783
1.51489 0.0340783
1.51589 0.0340782
1.51689 0.0340782
1.51789 0.0340781
1.5189 0.0340781
1.5199 0.034078
1.5209 0.034078
1.5219 0.0340779
1.5229 0.0340779
1.5239 0.0340778
1.5249 0.0340778
1.5259 0.0340777
1.5269 0.0340777
1.5279 0.0340777
1.5289 0.0340776
1.5299 0.0340776
1.5309 0.0340775
1.53191 0.0340775
1.53291 0.0340775
1.53391 0.0340775
1.53491 0.0340774
1.53591 0.0340774
1.53691 0.0340774
1.53791 0.0340774
1.53891 0.0340773
1.53991 0.0340773
1.54091 0.0340773
1.54191 0.0340773
1.54291 0.0340773
1.54392 0.0340772
1.54492 0.0340772
1.54592 0.0340772
1.54692 0.0340772
1.54792 0.0340772
1.54892 0.0340772
1.54992 0.0340772
1.55092 0.0340772
1.55192 0.0340772
1.55292 0.0340772
1.55392 0.0340772
1.55492 0.0340772
1.55592 0.0340772
1.55693 0.0340772
1.55793 0.0340772
1.55893 0.0340772
1.55993 0.0340772
1.56093 0.0340772
1.56193 0.0340772
1.56293 0.0340772
1.56393 0.0340772
1.56493 0.0340773
1.56593 0.0340773
1.56693 0.0340773
1.56793 0.0340773
1.56894 0.0340773
1.56994 0.0340773
1.57094 0.0340774
1.57194 0.0340774
1.57294 0.0340774
1.57394 0.0340774
1.57494 0.0340775
1.57594 0.0340775
1.57694 0.0340775
1.57794 0.0340775
1.57894 0.0340776
1.57994 0.0340776
1.58094 0.0340776
1.58195 0.0340777
1.58295 0.0340777
1.58395 0.0340778
1.58495 0.0340778
1.58595 0.0340778
1.58695 0.0340779
1.58795 0.0340779
1.58895 0.034078
1.58995 0.034078
1.59095 0.034078
1.59195 0.0340781
1.59295 0.0340781
1.59396 0.0340782
1.59496 0.0340782
1.59596 0.0340783
1.59696 0.0340783
1.59796 0.0340784
1.59896 0.0340784
1.59996 0.0340785
1.60096 0.0340785
1.60196 0.0340786
1.60296 0.0340787
1.60396 0.0340787
1.60496 0.0340788
1.60596 0.0340788
1.60697 0.0340789
1.60797 0.034079
1.60897 0.034079
1.60997 0.0340791
1.61097 0.0340792
1.61197 0.0340792
1.61297 0.0340793
1.61397 0.0340794
1.61497 0.0340794
1.61597 0.0340795
1.61697 0.0340796
1.61797 0.0340796
1.61898 0.0340797
1.61998 0.0340798
1.62098 0.0340798
1.62198 0.0340799
1.62298 0.03408
1.62398 0.0340801
1.62498 0.0340802
1.62598 0.0340802
1.62698 0.0340803
1.62798 0.0340804
1.62898 0.0340805
1.62998 0.0340806
1.63098 0.0340806
1.63199 0.0340807
1.63299 0.0340808
1.63399 0.0340809
1.63499 0.034081
1.63599 0.0340811
1.63699 0.0340811
1.63799 0.0340812
1.63899 0.0340813
1.63999 0.0340814
1.64099 0.0340815
1.64199 0.0340816
1.64299 0.0340817
1.644 0.0340818
1.645 0.0340819
1.646 0.034082
1.647 0.0340821
1.648 0.0340822
1.649 0.0340823
1.65 0.0340824


