0.4, 0.126742
0.401001, 0.127207
0.402002, 0.127485
0.403002, 0.127553
0.404003, 0.127391
0.405004, 0.126976
0.406005, 0.126289
0.407006, 0.125314
0.408006, 0.124041
0.409007, 0.122464
0.410008, 0.120583
0.411009, 0.118406
0.41201, 0.115944
0.41301, 0.113216
0.414011, 0.110244
0.415012, 0.107054
0.416013, 0.103675
0.417014, 0.100139
0.418014, 0.0964758
0.419015, 0.0927162
0.420016, 0.0888893
0.421017, 0.0850219
0.422018, 0.0811381
0.423018, 0.0772587
0.424019, 0.0734011
0.42502, 0.0695795
0.426021, 0.0658046
0.427022, 0.0620846
0.428022, 0.0584251
0.429023, 0.0548299
0.430024, 0.0513014
0.431025, 0.0478415
0.432026, 0.0444517
0.433026, 0.041134
0.434027, 0.0378911
0.435028, 0.0347267
0.436029, 0.031646
0.43703, 0.0286552
0.43803, 0.0257621
0.439031, 0.0229756
0.440032, 0.0203058
0.441033, 0.0177632
0.442034, 0.0153592
0.443034, 0.0131047
0.444035, 0.0110108
0.445036, 0.00908757
0.446037, 0.00734432
0.447038, 0.00578899
0.448038, 0.004428
0.449039, 0.00326613
0.45004, 0.00230638
0.451041, 0.00154995
0.452042, 0.000996266
0.453042, 0.000643112
0.454043, 0.000486752
0.455044, 0.000522133
0.456045, 0.000743118
0.457046, 0.00114272
0.458046, 0.00171338
0.459047, 0.00244717
0.460048, 0.00333608
0.461049, 0.00437218
0.46205, 0.00554783
0.46305, 0.0068558
0.464051, 0.00828936
0.465052, 0.00984236
0.466053, 0.0115092
0.467054, 0.0132849
0.468054, 0.0151648
0.469055, 0.0171448
0.470056, 0.019221
0.471057, 0.0213895
0.472058, 0.0236467
0.473058, 0.0259885
0.474059, 0.0284108
0.47506, 0.0309088
0.476061, 0.0334773
0.477062, 0.0361107
0.478062, 0.0388023
0.479063, 0.041545
0.480064, 0.044331
0.481065, 0.0471518
0.482066, 0.0499983
0.483066, 0.0528608
0.484067, 0.0557295
0.485068, 0.058594
0.486069, 0.0614442
0.48707, 0.0642697
0.48807, 0.0670605
0.489071, 0.0698071
0.490072, 0.0725002
0.491073, 0.0751316
0.492074, 0.0776937
0.493074, 0.0801797
0.494075, 0.0825841
0.495076, 0.0849022
0.496077, 0.0871307
0.497078, 0.0892671
0.498078, 0.0913103
0.499079, 0.09326
0.50008, 0.095117
0.501081, 0.0968831
0.502082, 0.0985608
0.503082, 0.100153
0.504083, 0.101664
0.505084, 0.103098
0.506085, 0.104459
0.507086, 0.105751
0.508086, 0.10698
0.509087, 0.108149
0.510088, 0.109263
0.511089, 0.110325
0.51209, 0.111339
0.51309, 0.112307
0.514091, 0.113232
0.515092, 0.114114
0.516093, 0.114956
0.517094, 0.115756
0.518094, 0.116514
0.519095, 0.117229
0.520096, 0.1179
0.521097, 0.118523
0.522098, 0.119096
0.523098, 0.119616
0.524099, 0.120079
0.5251, 0.120482
0.526101, 0.12082
0.527102, 0.121091
0.528102, 0.121289
0.529103, 0.121412
0.530104, 0.121457
0.531105, 0.121419
0.532106, 0.121297
0.533106, 0.121089
0.534107, 0.120793
0.535108, 0.120407
0.536109, 0.119931
0.53711, 0.119365
0.53811, 0.11871
0.539111, 0.117967
0.540112, 0.117137
0.541113, 0.116223
0.542114, 0.115227
0.543114, 0.114153
0.544115, 0.113003
0.545116, 0.111783
0.546117, 0.110497
0.547118, 0.109147
0.548118, 0.10774
0.549119, 0.10628
0.55012, 0.104772
0.551121, 0.10322
0.552122, 0.101629
0.553122, 0.100004
0.554123, 0.0983493
0.555124, 0.0966691
0.556125, 0.0949674
0.557126, 0.0932481
0.558127, 0.0915147
0.559127, 0.0897704
0.560128, 0.0880183
0.561129, 0.0862609
0.56213, 0.0845006
0.563131, 0.0827394
0.564131, 0.0809791
0.565132, 0.0792212
0.566133, 0.0774669
0.567134, 0.0757172
0.568135, 0.0739729
0.569135, 0.0722345
0.570136, 0.0705026
0.571137, 0.0687774
0.572138, 0.0670591
0.573139, 0.0653478
0.574139, 0.0636436
0.57514, 0.0619466
0.576141, 0.0602568
0.577142, 0.0585742
0.578143, 0.056899
0.579143, 0.0552314
0.580144, 0.0535715
0.581145, 0.0519198
0.582146, 0.0502765
0.583147, 0.0486424
0.584147, 0.047018
0.585148, 0.045404
0.586149, 0.0438014
0.58715, 0.0422112
0.588151, 0.0406343
0.589151, 0.0390721
0.590152, 0.0375258
0.591153, 0.0359968
0.592154, 0.0344865
0.593155, 0.0329963
0.594155, 0.031528
0.595156, 0.0300829
0.596157, 0.0286628
0.597158, 0.0272692
0.598159, 0.0259037
0.599159, 0.024568
0.60016, 0.0232635
0.601161, 0.0219917
0.602162, 0.0207542
0.603163, 0.0195523
0.604163, 0.0183873
0.605164, 0.0172604
0.606165, 0.0161728
0.607166, 0.0151254
0.608167, 0.0141193
0.609167, 0.0131553
0.610168, 0.0122341
0.611169, 0.0113563
0.61217, 0.0105224
0.613171, 0.00973282
0.614171, 0.0089879
0.615172, 0.0082878
0.616173, 0.00763263
0.617174, 0.0070224
0.618175, 0.00645701
0.619175, 0.00593631
0.620176, 0.00546004
0.621177, 0.00502791
0.622178, 0.00463951
0.623179, 0.00429443
0.624179, 0.00399217
0.62518, 0.00373219
0.626181, 0.00351393
0.627182, 0.00333679
0.628183, 0.00320014
0.629183, 0.00310332
0.630184, 0.00304569
0.631185, 0.00302656
0.632186, 0.00304527
0.633187, 0.00310114
0.634187, 0.00319348
0.635188, 0.00332165
0.636189, 0.00348497
0.63719, 0.0036828
0.638191, 0.00391451
0.639191, 0.00417946
0.640192, 0.00447705
0.641193, 0.00480669
0.642194, 0.00516779
0.643195, 0.00555979
0.644195, 0.00598211
0.645196, 0.00643423
0.646197, 0.00691559
0.647198, 0.00742567
0.648199, 0.00796395
0.649199, 0.00852988
0.6502, 0.00912296
0.651201, 0.00974266
0.652202, 0.0103884
0.653203, 0.0110598
0.654203, 0.0117561
0.655204, 0.0124769
0.656205, 0.0132215
0.657206, 0.0139894
0.658207, 0.01478
0.659207, 0.0155927
0.660208, 0.0164268
0.661209, 0.0172816
0.66221, 0.0181564
0.663211, 0.0190506
0.664211, 0.0199635
0.665212, 0.0208941
0.666213, 0.0218419
0.667214, 0.0228059
0.668215, 0.0237853
0.669215, 0.0247793
0.670216, 0.0257871
0.671217, 0.0268076
0.672218, 0.0278401
0.673219, 0.0288836
0.674219, 0.0299371
0.67522, 0.0309997
0.676221, 0.0320706
0.677222, 0.0331486
0.678223, 0.0342328
0.679223, 0.0353224
0.680224, 0.0364162
0.681225, 0.0375134
0.682226, 0.0386131
0.683227, 0.0397141
0.684227, 0.0408158
0.685228, 0.041917
0.686229, 0.043017
0.68723, 0.0441149
0.688231, 0.0452098
0.689231, 0.046301
0.690232, 0.0473875
0.691233, 0.0484687
0.692234, 0.0495439
0.693235, 0.0506123
0.694235, 0.0516733
0.695236, 0.0527263
0.696237, 0.0537706
0.697238, 0.0548059
0.698239, 0.0558314
0.699239, 0.0568469
0.70024, 0.0578518
0.701241, 0.0588459
0.702242, 0.0598286
0.703243, 0.0607999
0.704243, 0.0617593
0.705244, 0.0627068
0.706245, 0.063642
0.707246, 0.0645649
0.708247, 0.0654753
0.709247, 0.0663733
0.710248, 0.0672586
0.711249, 0.0681314
0.71225, 0.0689917
0.713251, 0.0698395
0.714251, 0.0706748
0.715252, 0.0714978
0.716253, 0.0723085
0.717254, 0.0731072
0.718255, 0.073894
0.719255, 0.074669
0.720256, 0.0754324
0.721257, 0.0761844
0.722258, 0.0769251
0.723259, 0.0776549
0.724259, 0.0783738
0.72526, 0.0790822
0.726261, 0.0797801
0.727262, 0.0804678
0.728263, 0.0811454
0.729263, 0.0818132
0.730264, 0.0824714
0.731265, 0.08312
0.732266, 0.0837592
0.733267, 0.0843892
0.734267, 0.0850102
0.735268, 0.0856221
0.736269, 0.0862251
0.73727, 0.0868193
0.738271, 0.0874046
0.739271, 0.0879813
0.740272, 0.0885492
0.741273, 0.0891083
0.742274, 0.0896587
0.743275, 0.0902003
0.744275, 0.090733
0.745276, 0.0912568
0.746277, 0.0917715
0.747278, 0.0922771
0.748279, 0.0927734
0.749279, 0.0932602
0.75028, 0.0937374
0.751281, 0.0942048
0.752282, 0.0946621
0.753283, 0.0951093
0.754283, 0.0955461
0.755284, 0.0959722
0.756285, 0.0963874
0.757286, 0.0967914
0.758287, 0.0971841
0.759287, 0.0975651
0.760288, 0.0979341
0.761289, 0.098291
0.76229, 0.0986354
0.763291, 0.0989671
0.764291, 0.0992858
0.765292, 0.0995913
0.766293, 0.0998833
0.767294, 0.100161
0.768295, 0.100426
0.769295, 0.100676
0.770296, 0.100911
0.771297, 0.101132
0.772298, 0.101338
0.773299, 0.101529
0.774299, 0.101705
0.7753, 0.101865
0.776301, 0.10201
0.777302, 0.102139
0.778303, 0.102252
0.779303, 0.10235
0.780304, 0.102432
0.781305, 0.102497
0.782306, 0.102547
0.783307, 0.10258
0.784307, 0.102598
0.785308, 0.102599
0.786309, 0.102584
0.78731, 0.102554
0.788311, 0.102507
0.789311, 0.102445
0.790312, 0.102367
0.791313, 0.102274
0.792314, 0.102165
0.793315, 0.102042
0.794315, 0.101903
0.795316, 0.101749
0.796317, 0.10158
0.797318, 0.101398
0.798319, 0.101201
0.799319, 0.10099
0.80032, 0.100766
0.801321, 0.100528
0.802322, 0.100277
0.803323, 0.100014
0.804323, 0.0997376
0.805324, 0.0994495
0.806325, 0.0991496
0.807326, 0.0988382
0.808327, 0.0985158
0.809327, 0.0981825
0.810328, 0.0978388
0.811329, 0.097485
0.81233, 0.0971214
0.813331, 0.0967484
0.814331, 0.0963664
0.815332, 0.0959756
0.816333, 0.0955765
0.817334, 0.0951694
0.818335, 0.0947545
0.819335, 0.0943323
0.820336, 0.0939031
0.821337, 0.0934671
0.822338, 0.0930248
0.823339, 0.0925764
0.824339, 0.0921222
0.82534, 0.0916626
0.826341, 0.0911977
0.827342, 0.090728
0.828343, 0.0902536
0.829343, 0.0897748
0.830344, 0.0892919
0.831345, 0.0888051
0.832346, 0.0883146
0.833347, 0.0878207
0.834347, 0.0873236
0.835348, 0.0868234
0.836349, 0.0863205
0.83735, 0.0858148
0.838351, 0.0853067
0.839351, 0.0847962
0.840352, 0.0842836
0.841353, 0.0837689
0.842354, 0.0832523
0.843355, 0.0827339
0.844355, 0.0822139
0.845356, 0.0816922
0.846357, 0.081169
0.847358, 0.0806445
0.848359, 0.0801185
0.849359, 0.0795914
0.85036, 0.0790629
0.851361, 0.0785334
0.852362, 0.0780027
0.853363, 0.0774709
0.854363, 0.076938
0.855364, 0.0764042
0.856365, 0.0758693
0.857366, 0.0753334
0.858367, 0.0747965
0.859367, 0.0742587
0.860368, 0.0737198
0.861369, 0.07318
0.86237, 0.0726392
0.863371, 0.0720975
0.864371, 0.0715547
0.865372, 0.0710109
0.866373, 0.0704661
0.867374, 0.0699203
0.868375, 0.0693734
0.869376, 0.0688255
0.870376, 0.0682765
0.871377, 0.0677265
0.872378, 0.0671753
0.873379, 0.0666231
0.87438, 0.0660698
0.87538, 0.0655153
0.876381, 0.0649598
0.877382, 0.0644032
0.878383, 0.0638454
0.879384, 0.0632865
0.880384, 0.0627266
0.881385, 0.0621655
0.882386, 0.0616034
0.883387, 0.0610402
0.884388, 0.060476
0.885388, 0.0599108
0.886389, 0.0593446
0.88739, 0.0587774
0.888391, 0.0582094
0.889392, 0.0576404
0.890392, 0.0570706
0.891393, 0.0565
0.892394, 0.0559287
0.893395, 0.0553567
0.894396, 0.0547841
0.895396, 0.0542109
0.896397, 0.0536372
0.897398, 0.0530631
0.898399, 0.0524886
0.8994, 0.0519139
0.9004, 0.0513389
0.901401, 0.0507638
0.902402, 0.0501887
0.903403, 0.0496137
0.904404, 0.0490388
0.905404, 0.0484641
0.906405, 0.0478898
0.907406, 0.0473159
0.908407, 0.0467426
0.909408, 0.0461699
0.910408, 0.0455979
0.911409, 0.0450268
0.91241, 0.0444566
0.913411, 0.0438875
0.914412, 0.0433196
0.915412, 0.042753
0.916413, 0.0421878
0.917414, 0.0416241
0.918415, 0.041062
0.919416, 0.0405017
0.920416, 0.0399432
0.921417, 0.0393867
0.922418, 0.0388322
0.923419, 0.03828
0.92442, 0.03773
0.92542, 0.0371824
0.926421, 0.0366374
0.927422, 0.036095
0.928423, 0.0355553
0.929424, 0.0350185
0.930424, 0.0344846
0.931425, 0.0339538
0.932426, 0.0334261
0.933427, 0.0329017
0.934428, 0.0323806
0.935428, 0.031863
0.936429, 0.0313489
0.93743, 0.0308385
0.938431, 0.0303317
0.939432, 0.0298288
0.940432, 0.0293297
0.941433, 0.0288346
0.942434, 0.0283436
0.943435, 0.0278567
0.944436, 0.027374
0.945436, 0.0268955
0.946437, 0.0264214
0.947438, 0.0259517
0.948439, 0.0254865
0.94944, 0.0250258
0.95044, 0.0245697
0.951441, 0.0241183
0.952442, 0.0236715
0.953443, 0.0232295
0.954444, 0.0227923
0.955444, 0.0223599
0.956445, 0.0219324
0.957446, 0.0215099
0.958447, 0.0210922
0.959448, 0.0206796
0.960448, 0.020272
0.961449, 0.0198695
0.96245, 0.019472
0.963451, 0.0190796
0.964452, 0.0186924
0.965452, 0.0183103
0.966453, 0.0179334
0.967454, 0.0175616
0.968455, 0.0171951
0.969456, 0.0168337
0.970456, 0.0164776
0.971457, 0.0161267
0.972458, 0.015781
0.973459, 0.0154405
0.97446, 0.0151053
0.97546, 0.0147754
0.976461, 0.0144506
0.977462, 0.0141311
0.978463, 0.0138169
0.979464, 0.0135078
0.980464, 0.013204
0.981465, 0.0129054
0.982466, 0.012612
0.983467, 0.0123238
0.984468, 0.0120408
0.985468, 0.011763
0.986469, 0.0114903
0.98747, 0.0112227
0.988471, 0.0109604
0.989472, 0.0107031
0.990472, 0.0104509
0.991473, 0.0102038
0.992474, 0.00996184
0.993475, 0.00972489
0.994476, 0.00949298
0.995476, 0.00926609
0.996477, 0.00904421
0.997478, 0.00882731
0.998479, 0.00861537
0.99948, 0.00840838
1.00048, 0.00820631
1.00148, 0.00800915
1.00248, 0.00781688
1.00348, 0.00762948
1.00448, 0.00744692
1.00548, 0.00726919
1.00649, 0.00709626
1.00749, 0.00692812
1.00849, 0.00676475
1.00949, 0.00660612
1.01049, 0.00645222
1.01149, 0.00630303
1.01249, 0.00615852
1.01349, 0.00601868
1.01449, 0.00588348
1.01549, 0.00575291
1.01649, 0.00562694
1.01749, 0.00550556
1.01849, 0.00538874
1.0195, 0.00527648
1.0205, 0.00516874
1.0215, 0.0050655
1.0225, 0.00496676
1.0235, 0.00487249
1.0245, 0.00478266
1.0255, 0.00469727
1.0265, 0.00461629
1.0275, 0.00453971
1.0285, 0.00446749
1.0295, 0.00439964
1.0305, 0.00433612
1.03151, 0.00427692
1.03251, 0.00422202
1.03351, 0.0041714
1.03451, 0.00412505
1.03551, 0.00408293
1.03651, 0.00404505
1.03751, 0.00401136
1.03851, 0.00398187
1.03951, 0.00395655
1.04051, 0.00393537
1.04151, 0.00391832
1.04251, 0.00390539
1.04351, 0.00389655
1.04452, 0.00389178
1.04552, 0.00389107
1.04652, 0.00389438
1.04752, 0.00390172
1.04852, 0.00391304
1.04952, 0.00392834
1.05052, 0.0039476
1.05152, 0.00397079
1.05252, 0.00399788
1.05352, 0.00402887
1.05452, 0.00406373
1.05552, 0.00410244
1.05653, 0.00414498
1.05753, 0.00419132
1.05853, 0.00424144
1.05953, 0.00429532
1.06053, 0.00435294
1.06153, 0.00441428
1.06253, 0.0044793
1.06353, 0.00454799
1.06453, 0.00462032
1.06553, 0.00469627
1.06653, 0.00477582
1.06753, 0.00485893
1.06853, 0.00494559
1.06954, 0.00503576
1.07054, 0.00512943
1.07154, 0.00522656
1.07254, 0.00532713
1.07354, 0.00543111
1.07454, 0.00553848
1.07554, 0.0056492
1.07654, 0.00576326
1.07754, 0.00588061
1.07854, 0.00600124
1.07954, 0.0061251
1.08054, 0.00625219
1.08155, 0.00638246
1.08255, 0.00651588
1.08355, 0.00665243
1.08455, 0.00679207
1.08555, 0.00693478
1.08655, 0.00708052
1.08755, 0.00722926
1.08855, 0.00738097
1.08955, 0.00753562
1.09055, 0.00769318
1.09155, 0.00785361
1.09255, 0.00801688
1.09355, 0.00818296
1.09456, 0.00835182
1.09556, 0.00852343
1.09656, 0.00869774
1.09756, 0.00887473
1.09856, 0.00905436
1.09956, 0.0092366
1.10056, 0.00942142
1.10156, 0.00960878
1.10256, 0.00979865
1.10356, 0.00999099
1.10456, 0.0101858
1.10556, 0.0103829
1.10657, 0.0105825
1.10757, 0.0107844
1.10857, 0.0109886
1.10957, 0.011195
1.11057, 0.0114037
1.11157, 0.0116146
1.11257, 0.0118276
1.11357, 0.0120428
1.11457, 0.01226
1.11557, 0.0124793
1.11657, 0.0127006
1.11757, 0.0129239
1.11857, 0.0131492
1.11958, 0.0133764
1.12058, 0.0136054
1.12158, 0.0138363
1.12258, 0.014069
1.12358, 0.0143035
1.12458, 0.0145398
1.12558, 0.0147777
1.12658, 0.0150173
1.12758, 0.0152586
1.12858, 0.0155014
1.12958, 0.0157459
1.13058, 0.0159918
1.13159, 0.0162393
1.13259, 0.0164883
1.13359, 0.0167386
1.13459, 0.0169904
1.13559, 0.0172436
1.13659, 0.0174981
1.13759, 0.0177539
1.13859, 0.018011
1.13959, 0.0182693
1.14059, 0.0185288
1.14159, 0.0187895
1.14259, 0.0190514
1.14359, 0.0193144
1.1446, 0.0195784
1.1456, 0.0198435
1.1466, 0.0201097
1.1476, 0.0203768
1.1486, 0.0206449
1.1496, 0.020914
1.1506, 0.0211839
1.1516, 0.0214547
1.1526, 0.0217264
1.1536, 0.0219989
1.1546, 0.0222722
1.1556, 0.0225462
1.15661, 0.022821
1.15761, 0.0230965
1.15861, 0.0233727
1.15961, 0.0236495
1.16061, 0.0239269
1.16161, 0.024205
1.16261, 0.0244836
1.16361, 0.0247628
1.16461, 0.0250425
1.16561, 0.0253227
1.16661, 0.0256034
1.16761, 0.0258846
1.16861, 0.0261661
1.16962, 0.0264481
1.17062, 0.0267305
1.17162, 0.0270132
1.17262, 0.0272962
1.17362, 0.0275796
1.17462, 0.0278632
1.17562, 0.0281471
1.17662, 0.0284313
1.17762, 0.0287157
1.17862, 0.0290003
1.17962, 0.0292851
1.18062, 0.02957
1.18163, 0.0298551
1.18263, 0.0301403
1.18363, 0.0304256
1.18463, 0.030711
1.18563, 0.0309965
1.18663, 0.031282
1.18763, 0.0315675
1.18863, 0.031853
1.18963, 0.0321386
1.19063, 0.0324241
1.19163, 0.0327096
1.19263, 0.032995
1.19363, 0.0332804
1.19464, 0.0335656
1.19564, 0.0338508
1.19664, 0.0341358
1.19764, 0.0344207
1.19864, 0.0347054
1.19964, 0.03499
1.20064, 0.0352744
1.20164, 0.0355586
1.20264, 0.0358425
1.20364, 0.0361263
1.20464, 0.0364098
1.20564, 0.0366931
1.20665, 0.0369761
1.20765, 0.0372588
1.20865, 0.0375412
1.20965, 0.0378233
1.21065, 0.0381052
1.21165, 0.0383866
1.21265, 0.0386678
1.21365, 0.0389486
1.21465, 0.039229
1.21565, 0.0395091
1.21665, 0.0397888
1.21765, 0.0400681
1.21865, 0.040347
1.21966, 0.0406254
1.22066, 0.0409035
1.22166, 0.0411811
1.22266, 0.0414583
1.22366, 0.041735
1.22466, 0.0420113
1.22566, 0.0422871
1.22666, 0.0425624
1.22766, 0.0428373
1.22866, 0.0431116
1.22966, 0.0433854
1.23066, 0.0436588
1.23167, 0.0439316
1.23267, 0.0442039
1.23367, 0.0444756
1.23467, 0.0447468
1.23567, 0.0450175
1.23667, 0.0452876
1.23767, 0.0455572
1.23867, 0.0458262
1.23967, 0.0460946
1.24067, 0.0463625
1.24167, 0.0466297
1.24267, 0.0468964
1.24367, 0.0471625
1.24468, 0.0474279
1.24568, 0.0476928
1.24668, 0.0479571
1.24768, 0.0482207
1.24868, 0.0484837
1.24968, 0.0487461
1.25068, 0.0490079
1.25168, 0.049269
1.25268, 0.0495295
1.25368, 0.0497893
1.25468, 0.0500485
1.25568, 0.0503071
1.25669, 0.050565
1.25769, 0.0508222
1.25869, 0.0510788
1.25969, 0.0513347
1.26069, 0.0515899
1.26169, 0.0518445
1.26269, 0.0520983
1.26369, 0.0523515
1.26469, 0.0526041
1.26569, 0.0528559
1.26669, 0.0531071
1.26769, 0.0533575
1.26869, 0.0536073
1.2697, 0.0538564
1.2707, 0.0541047
1.2717, 0.0543524
1.2727, 0.0545994
1.2737, 0.0548456
1.2747, 0.0550912
1.2757, 0.055336
1.2767, 0.0555802
1.2777, 0.0558236
1.2787, 0.0560663
1.2797, 0.0563083
1.2807, 0.0565495
1.28171, 0.0567901
1.28271, 0.0570299
1.28371, 0.057269
1.28471, 0.0575074
1.28571, 0.057745
1.28671, 0.057982
1.28771, 0.0582181
1.28871, 0.0584536
1.28971, 0.0586883
1.29071, 0.0589223
1.29171, 0.0591556
1.29271, 0.0593881
1.29371, 0.0596199
1.29472, 0.0598509
1.29572, 0.0600812
1.29672, 0.0603108
1.29772, 0.0605396
1.29872, 0.0607676
1.29972, 0.060995
1.30072, 0.0612216
1.30172, 0.0614474
1.30272, 0.0616725
1.30372, 0.0618968
1.30472, 0.0621204
1.30572, 0.0623432
1.30673, 0.0625653
1.30773, 0.0627866
1.30873, 0.0630072
1.30973, 0.063227
1.31073, 0.063446
1.31173, 0.0636643
1.31273, 0.0638819
1.31373, 0.0640987
1.31473, 0.0643147
1.31573, 0.0645299
1.31673, 0.0647444
1.31773, 0.0649581
1.31873, 0.0651711
1.31974, 0.0653833
1.32074, 0.0655947
1.32174, 0.0658053
1.32274, 0.0660152
1.32374, 0.0662243
1.32474, 0.0664326
1.32574, 0.0666402
1.32674, 0.066847
1.32774, 0.0670529
1.32874, 0.0672582
1.32974, 0.0674626
1.33074, 0.0676663
1.33175, 0.0678691
1.33275, 0.0680712
1.33375, 0.0682725
1.33475, 0.068473
1.33575, 0.0686727
1.33675, 0.0688716
1.33775, 0.0690698
1.33875, 0.0692671
1.33975, 0.0694636
1.34075, 0.0696594
1.34175, 0.0698543
1.34275, 0.0700484
1.34376, 0.0702418
1.34476, 0.0704343
1.34576, 0.070626
1.34676, 0.0708169
1.34776, 0.071007
1.34876, 0.0711962
1.34976, 0.0713847
1.35076, 0.0715723
1.35176, 0.0717591
1.35276, 0.0719451
1.35376, 0.0721302
1.35476, 0.0723146
1.35576, 0.0724981
1.35677, 0.0726807
1.35777, 0.0728625
1.35877, 0.0730435
1.35977, 0.0732237
1.36077, 0.073403
1.36177, 0.0735814
1.36277, 0.073759
1.36377, 0.0739358
1.36477, 0.0741117
1.36577, 0.0742867
1.36677, 0.0744609
1.36777, 0.0746342
1.36878, 0.0748067
1.36978, 0.0749782
1.37078, 0.075149
1.37178, 0.0753188
1.37278, 0.0754877
1.37378, 0.0756558
1.37478, 0.075823
1.37578, 0.0759893
1.37678, 0.0761547
1.37778, 0.0763193
1.37878, 0.0764829
1.37978, 0.0766456
1.38078, 0.0768075
1.38179, 0.0769684
1.38279, 0.0771284
1.38379, 0.0772875
1.38479, 0.0774457
1.38579, 0.077603
1.38679, 0.0777593
1.38779, 0.0779147
1.38879, 0.0780692
1.38979, 0.0782228
1.39079, 0.0783755
1.39179, 0.0785272
1.39279, 0.0786779
1.3938, 0.0788277
1.3948, 0.0789766
1.3958, 0.0791245
1.3968, 0.0792715
1.3978, 0.0794175
1.3988, 0.0795626
1.3998, 0.0797067
1.4008, 0.0798498
1.4018, 0.0799919
1.4028, 0.0801331
1.4038, 0.0802733
1.4048, 0.0804125
1.4058, 0.0805508
1.40681, 0.0806881
1.40781, 0.0808243
1.40881, 0.0809596
1.40981, 0.0810939
1.41081, 0.0812272
1.41181, 0.0813595
1.41281, 0.0814908
1.41381, 0.0816211
1.41481, 0.0817503
1.41581, 0.0818786
1.41681, 0.0820058
1.41781, 0.0821321
1.41882, 0.0822573
1.41982, 0.0823815
1.42082, 0.0825046
1.42182, 0.0826267
1.42282, 0.0827478
1.42382, 0.0828679
1.42482, 0.0829869
1.42582, 0.0831049
1.42682, 0.0832219
1.42782, 0.0833378
1.42882, 0.0834526
1.42982, 0.0835664
1.43082, 0.0836792
1.43183, 0.0837909
1.43283, 0.0839015
1.43383, 0.0840111
1.43483, 0.0841197
1.43583, 0.0842271
1.43683, 0.0843335
1.43783, 0.0844389
1.43883, 0.0845432
1.43983, 0.0846464
1.44083, 0.0847485
1.44183, 0.0848496
1.44283, 0.0849495
1.44384, 0.0850485
1.44484, 0.0851463
1.44584, 0.0852431
1.44684, 0.0853387
1.44784, 0.0854333
1.44884, 0.0855268
1.44984, 0.0856193
1.45084, 0.0857106
1.45184, 0.0858009
1.45284, 0.08589
1.45384, 0.0859781
1.45484, 0.0860651
1.45584, 0.086151
1.45685, 0.0862359
1.45785, 0.0863196
1.45885, 0.0864022
1.45985, 0.0864838
1.46085, 0.0865643
1.46185, 0.0866436
1.46285, 0.0867219
1.46385, 0.0867991
1.46485, 0.0868752
1.46585, 0.0869502
1.46685, 0.0870241
1.46785, 0.087097
1.46886, 0.0871687
1.46986, 0.0872394
1.47086, 0.0873089
1.47186, 0.0873774
1.47286, 0.0874448
1.47386, 0.0875111
1.47486, 0.0875763
1.47586, 0.0876404
1.47686, 0.0877035
1.47786, 0.0877654
1.47886, 0.0878263
1.47986, 0.0878861
1.48086, 0.0879448
1.48187, 0.0880025
1.48287, 0.0880591
1.48387, 0.0881145
1.48487, 0.088169
1.48587, 0.0882223
1.48687, 0.0882746
1.48787, 0.0883258
1.48887, 0.088376
1.48987, 0.0884251
1.49087, 0.0884731
1.49187, 0.0885201
1.49287, 0.088566
1.49388, 0.0886108
1.49488, 0.0886547
1.49588, 0.0886974
1.49688, 0.0887391
1.49788, 0.0887798
1.49888, 0.0888195
1.49988, 0.0888581
1.50088, 0.0888956
1.50188, 0.0889322
1.50288, 0.0889677
1.50388, 0.0890022
1.50488, 0.0890356
1.50588, 0.0890681
1.50689, 0.0890995
1.50789, 0.0891299
1.50889, 0.0891593
1.50989, 0.0891877
1.51089, 0.0892151
1.51189, 0.0892416
1.51289, 0.089267
1.51389, 0.0892914
1.51489, 0.0893149
1.51589, 0.0893373
1.51689, 0.0893588
1.51789, 0.0893794
1.5189, 0.0893989
1.5199, 0.0894175
1.5209, 0.0894351
1.5219, 0.0894518
1.5229, 0.0894676
1.5239, 0.0894823
1.5249, 0.0894962
1.5259, 0.0895091
1.5269, 0.0895211
1.5279, 0.0895321
1.5289, 0.0895423
1.5299, 0.0895515
1.5309, 0.0895598
1.53191, 0.0895672
1.53291, 0.0895737
1.53391, 0.0895793
1.53491, 0.089584
1.53591, 0.0895878
1.53691, 0.0895908
1.53791, 0.0895929
1.53891, 0.0895941
1.53991, 0.0895944
1.54091, 0.0895939
1.54191, 0.0895925
1.54291, 0.0895903
1.54392, 0.0895872
1.54492, 0.0895833
1.54592, 0.0895786
1.54692, 0.089573
1.54792, 0.0895666
1.54892, 0.0895595
1.54992, 0.0895515
1.55092, 0.0895427
1.55192, 0.0895331
1.55292, 0.0895227
1.55392, 0.0895115
1.55492, 0.0894995
1.55592, 0.0894868
1.55693, 0.0894733
1.55793, 0.0894591
1.55893, 0.0894441
1.55993, 0.0894283
1.56093, 0.0894118
1.56193, 0.0893946
1.56293, 0.0893766
1.56393, 0.0893579
1.56493, 0.0893385
1.56593, 0.0893183
1.56693, 0.0892975
1.56793, 0.089276
1.56894, 0.0892537
1.56994, 0.0892308
1.57094, 0.0892072
1.57194, 0.0891829
1.57294, 0.089158
1.57394, 0.0891324
1.57494, 0.0891061
1.57594, 0.0890792
1.57694, 0.0890516
1.57794, 0.0890234
1.57894, 0.0889945
1.57994, 0.088965
1.58094, 0.088935
1.58195, 0.0889042
1.58295, 0.0888729
1.58395, 0.088841
1.58495, 0.0888085
1.58595, 0.0887754
1.58695, 0.0887417
1.58795, 0.0887074
1.58895, 0.0886725
1.58995, 0.0886371
1.59095, 0.0886011
1.59195, 0.0885646
1.59295, 0.0885275
1.59396, 0.0884899
1.59496, 0.0884517
1.59596, 0.088413
1.59696, 0.0883738
1.59796, 0.088334
1.59896, 0.0882938
1.59996, 0.088253
1.60096, 0.0882117
1.60196, 0.08817
1.60296, 0.0881277
1.60396, 0.088085
1.60496, 0.0880417
1.60596, 0.087998
1.60697, 0.0879539
1.60797, 0.0879092
1.60897, 0.0878641
1.60997, 0.0878186
1.61097, 0.0877726
1.61197, 0.0877262
1.61297, 0.0876793
1.61397, 0.087632
1.61497, 0.0875843
1.61597, 0.0875361
1.61697, 0.0874876
1.61797, 0.0874386
1.61898, 0.0873892
1.61998, 0.0873395
1.62098, 0.0872893
1.62198, 0.0872388
1.62298, 0.0871878
1.62398, 0.0871365
1.62498, 0.0870848
1.62598, 0.0870328
1.62698, 0.0869803
1.62798, 0.0869275
1.62898, 0.0868744
1.62998, 0.0868209
1.63098, 0.0867671
1.63199, 0.0867129
1.63299, 0.0866584
1.63399, 0.0866036
1.63499, 0.0865484
1.63599, 0.0864929
1.63699, 0.0864371
1.63799, 0.086381
1.63899, 0.0863245
1.63999, 0.0862678
1.64099, 0.0862108
1.64199, 0.0861534
1.64299, 0.0860958
1.644, 0.0860379
1.645, 0.0859797
1.646, 0.0859212
1.647, 0.0858624
1.648, 0.0858034
1.649, 0.0857441
1.65, 0.0856845