1.19e-006 6.9e-007 0.998004
1.2e-006 6.9e-007 0.997991
1.21e-006 6.9e-007 0.997946
1.22e-006 6.9e-007 0.997947
1.23e-006 6.9e-007 0.997948
1.24e-006 6.9e-007 0.997949
1.25e-006 6.9e-007 0.99795
1.19e-006 6.95e-007 0.997939
1.2e-006 6.95e-007 0.997941
1.21e-006 6.95e-007 0.997947
1.22e-006 6.95e-007 0.997948
1.23e-006 6.95e-007 0.997949
1.24e-006 6.95e-007 0.99795
1.25e-006 6.95e-007 0.997952
1.19e-006 7e-007 0.997943
1.2e-006 7e-007 0.997945
1.21e-006 7e-007 0.99795
1.22e-006 7e-007 0.997951
1.23e-006 7e-007 0.997953
1.24e-006 7e-007 0.997954
1.25e-006 7e-007 0.997955
1.19e-006 7.05e-007 0.99795
1.2e-006 7.05e-007 0.997952
1.21e-006 7.05e-007 0.997958
1.22e-006 7.05e-007 0.997959
1.23e-006 7.05e-007 0.997961
1.24e-006 7.05e-007 0.997963
1.25e-006 7.05e-007 0.997964
1.19e-006 7.1e-007 0.997954
1.2e-006 7.1e-007 0.997956
1.21e-006 7.1e-007 0.997961 (first run)
1.21e-006 7.1e-007 0.998045 (second run)
1.21e-006 7.1e-007 0.998099 (thrd run with finer mesh)
1.22e-006 7.1e-007 0.997963
1.23e-006 7.1e-007 0.997964
1.24e-006 7.1e-007 0.997965
1.25e-006 7.1e-007 0.997967
1.19e-006 7.15e-007 0.997955
1.2e-006 7.15e-007 0.997957
1.21e-006 7.15e-007 0.997963
1.22e-006 7.15e-007 0.997964
1.23e-006 7.15e-007 0.997966
1.24e-006 7.15e-007 0.997968
1.25e-006 7.15e-007 0.99797
1.19e-006 7.2e-007 0.997957
1.2e-006 7.2e-007 0.99796
1.21e-006 7.2e-007 0.997965
1.22e-006 7.2e-007 0.997967
1.23e-006 7.2e-007 0.997969
1.24e-006 7.2e-007 0.997971
1.25e-006 7.2e-007 0.997972
1.19e-006 7.25e-007 0.997959
1.2e-006 7.25e-007 0.997961
1.21e-006 7.25e-007 0.997967
1.22e-006 7.25e-007 0.997969
1.23e-006 7.25e-007 0.997971
1.24e-006 7.25e-007 0.997974
1.25e-006 7.25e-007 0.997976
1.19e-006 7.3e-007 0.997961
1.2e-006 7.3e-007 0.997964
1.21e-006 7.3e-007 0.99797
1.22e-006 7.3e-007 0.997972
1.23e-006 7.3e-007 0.997974
1.24e-006 7.3e-007 0.997976
1.25e-006 7.3e-007 0.997978
