1.15e-006 6.5e-007 0.997955
1.17e-006 6.5e-007 0.997913
1.19e-006 6.5e-007 0.99792
1.21e-006 6.5e-007 0.997927
1.23e-006 6.5e-007 0.997986
1.25e-006 6.5e-007 0.997931
1.15e-006 6.7e-007 0.99791
1.17e-006 6.7e-007 0.997923
1.19e-006 6.7e-007 0.99793
1.21e-006 6.7e-007 0.997937
1.23e-006 6.7e-007 0.997939
1.25e-006 6.7e-007 0.997941
1.15e-006 6.9e-007 0.997921
1.17e-006 6.9e-007 0.997933
1.19e-006 6.9e-007 0.997939
1.21e-006 6.9e-007 1.63565e-006
1.23e-006 6.9e-007 0.997948
1.25e-006 6.9e-007 0.99795
1.15e-006 7.1e-007 0.997937
1.17e-006 7.1e-007 0.997948
1.19e-006 7.1e-007 0.997954
1.21e-006 7.1e-007 0.99802
1.23e-006 7.1e-007 0.998008
1.25e-006 7.1e-007 0.997967
1.15e-006 7.3e-007 0.997945
1.17e-006 7.3e-007 0.997956
1.19e-006 7.3e-007 0.997961
1.21e-006 7.3e-007 0.99797
1.23e-006 7.3e-007 0.997974
1.25e-006 7.3e-007 0.997978
1.15e-006 7.5e-007 0.99795
1.17e-006 7.5e-007 0.997962
1.19e-006 7.5e-007 0.997969
1.21e-006 7.5e-007 0.997979
1.23e-006 7.5e-007 0.997983
1.25e-006 7.5e-007 0.997988
