1e-006 3e-007 0.997853
1.05e-006 3e-007 0.997889
1.1e-006 3e-007 0.997916
1.15e-006 3e-007 0.997937
1.2e-006 3e-007 0.99795
1.25e-006 3e-007 0.997962
1.3e-006 3e-007 0.997984
1.35e-006 3e-007 0.998008
1.4e-006 3e-007 0.998024
1.45e-006 3e-007 0.998029
1.5e-006 3e-007 0.99803
1e-006 3.5e-007 0.997924
1.05e-006 3.5e-007 0.997948
1.1e-006 3.5e-007 0.997965
1.15e-006 3.5e-007 0.997979
1.2e-006 3.5e-007 0.997989
1.25e-006 3.5e-007 0.998001
1.3e-006 3.5e-007 0.998015
1.35e-006 3.5e-007 0.998026
1.4e-006 3.5e-007 0.998032
1.45e-006 3.5e-007 0.998035
1.5e-006 3.5e-007 0.998038
1e-006 4e-007 0.997961
1.05e-006 4e-007 0.997979
1.1e-006 4e-007 0.997994
1.15e-006 4e-007 0.998008
1.2e-006 4e-007 0.998021
1.25e-006 4e-007 0.99803
1.3e-006 4e-007 0.998036
1.35e-006 4e-007 0.998041
1.4e-006 4e-007 0.998044
1.45e-006 4e-007 0.998048
1.5e-006 4e-007 0.998052
1e-006 4.5e-007 0.998
1.05e-006 4.5e-007 0.998013
1.1e-006 4.5e-007 0.998023
1.15e-006 4.5e-007 0.998033
1.2e-006 4.5e-007 0.998042
1.25e-006 4.5e-007 0.998049
1.3e-006 4.5e-007 0.998055
1.35e-006 4.5e-007 0.998059
1.4e-006 4.5e-007 0.998063
1.45e-006 4.5e-007 0.998066
1.5e-006 4.5e-007 0.998069
1e-006 5e-007 0.998021
1.05e-006 5e-007 0.998033
1.1e-006 5e-007 0.998043
1.15e-006 5e-007 0.998052
1.2e-006 5e-007 0.998058
1.25e-006 5e-007 0.998063
1.3e-006 5e-007 0.998069
1.35e-006 5e-007 0.998073
1.4e-006 5e-007 0.998077
1.45e-006 5e-007 0.99808
1.5e-006 5e-007 0.998083
1e-006 5.5e-007 0.998033
1.05e-006 5.5e-007 0.998044
1.1e-006 5.5e-007 0.998057
1.15e-006 5.5e-007 0.998068
1.2e-006 5.5e-007 0.998073
1.25e-006 5.5e-007 0.998078
1.3e-006 5.5e-007 0.998082
1.35e-006 5.5e-007 0.998085
1.4e-006 5.5e-007 0.998089
1.45e-006 5.5e-007 0.998092
1.5e-006 5.5e-007 0.998094
1e-006 6e-007 0.998048
1.05e-006 6e-007 0.99806
1.1e-006 6e-007 0.998071
1.15e-006 6e-007 0.99808
1.2e-006 6e-007 0.998085
1.25e-006 6e-007 0.998089
1.3e-006 6e-007 0.998093
1.35e-006 6e-007 0.998096
1.4e-006 6e-007 0.998099
1.45e-006 6e-007 0.998102
1.5e-006 6e-007 0.998105
1e-006 6.5e-007 0.998061
1.05e-006 6.5e-007 0.998072
1.1e-006 6.5e-007 0.998082
1.15e-006 6.5e-007 0.998089
1.2e-006 6.5e-007 0.998093
1.25e-006 6.5e-007 0.998097
1.3e-006 6.5e-007 0.998102
1.35e-006 6.5e-007 0.998106
1.4e-006 6.5e-007 0.998109
1.45e-006 6.5e-007 0.998113
1.5e-006 6.5e-007 0.998116
1e-006 7e-007 0.998073
1.05e-006 7e-007 0.998083
1.1e-006 7e-007 0.998091
1.15e-006 7e-007 0.998098
1.2e-006 7e-007 0.998103
1.25e-006 7e-007 0.998109
1.3e-006 7e-007 0.998115
1.35e-006 7e-007 0.99812
1.4e-006 7e-007 0.998124
1.45e-006 7e-007 0.998127
1.5e-006 7e-007 0.998129
1e-006 7.5e-007 0.998084
1.05e-006 7.5e-007 0.998093
1.1e-006 7.5e-007 0.998103
1.15e-006 7.5e-007 0.998115
1.2e-006 7.5e-007 0.998121
1.25e-006 7.5e-007 0.998125
1.3e-006 7.5e-007 0.998128
1.35e-006 7.5e-007 0.998131
1.4e-006 7.5e-007 0.998134
1.45e-006 7.5e-007 0.998137
1.5e-006 7.5e-007 0.998139
1e-006 8e-007 0.998092
1.05e-006 8e-007 0.998105
1.1e-006 8e-007 0.998123
1.15e-006 8e-007 0.998133
1.2e-006 8e-007 0.998134
1.25e-006 8e-007 0.998133
1.3e-006 8e-007 0.998135
1.35e-006 8e-007 0.998139
1.4e-006 8e-007 0.998144
1.45e-006 8e-007 0.998149
1.5e-006 8e-007 0.998153
1e-006 8.5e-007 0.998106
1.05e-006 8.5e-007 0.998119
1.1e-006 8.5e-007 0.998137
1.15e-006 8.5e-007 0.998149
1.2e-006 8.5e-007 0.998147
1.25e-006 8.5e-007 0.998151
1.3e-006 8.5e-007 0.998156
1.35e-006 8.5e-007 0.998161
1.4e-006 8.5e-007 0.998166
1.45e-006 8.5e-007 0.99817
1.5e-006 8.5e-007 0.998174
1e-006 9e-007 0.99813
1.05e-006 9e-007 0.998141
1.1e-006 9e-007 0.998152
1.15e-006 9e-007 0.998159
1.2e-006 9e-007 0.998162
1.25e-006 9e-007 0.998167
1.3e-006 9e-007 0.998172
1.35e-006 9e-007 0.998178
1.4e-006 9e-007 0.998181
1.45e-006 9e-007 0.998183
1.5e-006 9e-007 0.998186
1e-006 9.5e-007 0.998146
1.05e-006 9.5e-007 0.998155
1.1e-006 9.5e-007 0.99816
1.15e-006 9.5e-007 0.998165
1.2e-006 9.5e-007 0.998169
1.25e-006 9.5e-007 0.998174
1.3e-006 9.5e-007 0.998181
1.35e-006 9.5e-007 0.998181
1.4e-006 9.5e-007 0.998184
1.45e-006 9.5e-007 0.998187
1.5e-006 9.5e-007 0.998188
1e-006 1e-006 0.998151
1.05e-006 1e-006 0.998157
1.1e-006 1e-006 0.998163
1.15e-006 1e-006 0.998168
1.2e-006 1e-006 0.998172
1.25e-006 1e-006 0.998177
1.3e-006 1e-006 0.998179
1.35e-006 1e-006 0.998182
1.4e-006 1e-006 0.998185
1.45e-006 1e-006 0.998186
1.5e-006 1e-006 0.998189
1e-006 1.05e-006 0.998152
1.05e-006 1.05e-006 0.998158
1.1e-006 1.05e-006 0.998164
1.15e-006 1.05e-006 0.998169
1.2e-006 1.05e-006 0.998173
1.25e-006 1.05e-006 0.998177
1.3e-006 1.05e-006 0.99818
1.35e-006 1.05e-006 0.998183
1.4e-006 1.05e-006 0.998183
1.45e-006 1.05e-006 0.998187
1.5e-006 1.05e-006 0.99819
1e-006 1.1e-006 0.998152
1.05e-006 1.1e-006 0.998159
1.1e-006 1.1e-006 0.998165
1.15e-006 1.1e-006 0.99817
1.2e-006 1.1e-006 0.998174
1.25e-006 1.1e-006 0.998178
1.3e-006 1.1e-006 0.99818
1.35e-006 1.1e-006 0.998183
1.4e-006 1.1e-006 0.998185
1.45e-006 1.1e-006 0.998189
1.5e-006 1.1e-006 0.998189
1e-006 1.15e-006 0.998153
1.05e-006 1.15e-006 0.99816
1.1e-006 1.15e-006 0.998167
1.15e-006 1.15e-006 0.998172
1.2e-006 1.15e-006 0.998175
1.25e-006 1.15e-006 0.998179
1.3e-006 1.15e-006 0.998182
1.35e-006 1.15e-006 0.998184
1.4e-006 1.15e-006 0.998187
1.45e-006 1.15e-006 0.998189
1.5e-006 1.15e-006 0.99819
1e-006 1.2e-006 0.998156
1.05e-006 1.2e-006 0.998162
1.1e-006 1.2e-006 0.998169
1.15e-006 1.2e-006 0.998172
1.2e-006 1.2e-006 0.998177
1.25e-006 1.2e-006 0.99818
1.3e-006 1.2e-006 0.998183
1.35e-006 1.2e-006 0.998185
1.4e-006 1.2e-006 0.998188
1.45e-006 1.2e-006 0.99819
1.5e-006 1.2e-006 0.998193
1e-006 1.25e-006 0.998158
1.05e-006 1.25e-006 0.998163
1.1e-006 1.25e-006 0.99817
1.15e-006 1.25e-006 0.998175
1.2e-006 1.25e-006 0.998177
1.25e-006 1.25e-006 0.998182
1.3e-006 1.25e-006 0.998184
1.35e-006 1.25e-006 0.998187
1.4e-006 1.25e-006 0.998188
1.45e-006 1.25e-006 0.998191
1.5e-006 1.25e-006 0.998193
1e-006 1.3e-006 0.99816
1.05e-006 1.3e-006 0.998165
1.1e-006 1.3e-006 0.998172
1.15e-006 1.3e-006 0.998175
1.2e-006 1.3e-006 0.998179
1.25e-006 1.3e-006 0.998181
1.3e-006 1.3e-006 0.998186
1.35e-006 1.3e-006 0.998187
1.4e-006 1.3e-006 0.998189
1.45e-006 1.3e-006 0.998192
1.5e-006 1.3e-006 0.998194
