1e-006 6e-007 0.998048
1.05e-006 6e-007 0.99806
1.1e-006 6e-007 0.998071
1.15e-006 6e-007 0.99808
1.2e-006 6e-007 0.998085
1.25e-006 6e-007 0.998089
1.3e-006 6e-007 0.998093
1.35e-006 6e-007 0.998096
1.4e-006 6e-007 0.998099
1.45e-006 6e-007 0.998102
1.5e-006 6e-007 0.998105
1e-006 6.5e-007 0.998061
1.05e-006 6.5e-007 0.998072
1.1e-006 6.5e-007 0.998082
1.15e-006 6.5e-007 0.998089
1.2e-006 6.5e-007 0.998093
1.25e-006 6.5e-007 0.998097
1.3e-006 6.5e-007 0.998102
1.35e-006 6.5e-007 0.998106
1.4e-006 6.5e-007 0.998109
1.45e-006 6.5e-007 0.998113
1.5e-006 6.5e-007 0.998116
1e-006 7e-007 0.998073
1.05e-006 7e-007 0.998083
1.1e-006 7e-007 0.998091
1.15e-006 7e-007 0.998098
1.2e-006 7e-007 0.998103
1.25e-006 7e-007 0.998109
1.3e-006 7e-007 0.998115
1.35e-006 7e-007 0.99812
1.4e-006 7e-007 0.998124
1.45e-006 7e-007 0.998127
1.5e-006 7e-007 0.998129
1e-006 7.5e-007 0.998084
1.05e-006 7.5e-007 0.998093
1.1e-006 7.5e-007 0.998103
1.15e-006 7.5e-007 0.998115
1.2e-006 7.5e-007 0.998121
1.25e-006 7.5e-007 0.998125
1.3e-006 7.5e-007 0.998128
1.35e-006 7.5e-007 0.998131
1.4e-006 7.5e-007 0.998134
1.45e-006 7.5e-007 0.998137
1.5e-006 7.5e-007 0.998139
1e-006 8e-007 0.998092
1.05e-006 8e-007 0.998105
1.1e-006 8e-007 0.998123
1.15e-006 8e-007 0.998133
1.2e-006 8e-007 0.998134
1.25e-006 8e-007 0.998133
1.3e-006 8e-007 0.998135
1.35e-006 8e-007 0.998139
1.4e-006 8e-007 0.998144
1.45e-006 8e-007 0.998149
1.5e-006 8e-007 0.998153
1e-006 8.5e-007 0.998106
1.05e-006 8.5e-007 0.998119
1.1e-006 8.5e-007 0.998137
1.15e-006 8.5e-007 0.998149
1.2e-006 8.5e-007 0.998147
1.25e-006 8.5e-007 0.998151
1.3e-006 8.5e-007 0.998156
1.35e-006 8.5e-007 0.998161
1.4e-006 8.5e-007 0.998166
1.45e-006 8.5e-007 0.99817
1.5e-006 8.5e-007 0.998174
1e-006 9e-007 0.99813
1.05e-006 9e-007 0.998141
1.1e-006 9e-007 0.998152
1.15e-006 9e-007 0.998159
1.2e-006 9e-007 0.998162
1.25e-006 9e-007 0.998167
1.3e-006 9e-007 0.998172
1.35e-006 9e-007 0.998178
1.4e-006 9e-007 0.998181
1.45e-006 9e-007 0.998183
1.5e-006 9e-007 0.998186
1e-006 9.5e-007 0.998146
1.05e-006 9.5e-007 0.998155
1.1e-006 9.5e-007 0.99816
1.15e-006 9.5e-007 0.998165
1.2e-006 9.5e-007 0.998169
1.25e-006 9.5e-007 0.998174
1.3e-006 9.5e-007 0.998181
1.35e-006 9.5e-007 0.998181
1.4e-006 9.5e-007 0.998184
1.45e-006 9.5e-007 0.998187
1.5e-006 9.5e-007 0.998188
1e-006 1e-006 0.998151
1.05e-006 1e-006 0.998157
1.1e-006 1e-006 0.998163
1.15e-006 1e-006 0.998168
1.2e-006 1e-006 0.998172
1.25e-006 1e-006 0.998177
1.3e-006 1e-006 0.998179
1.35e-006 1e-006 0.998182
1.4e-006 1e-006 0.998185
1.45e-006 1e-006 0.998186
1.5e-006 1e-006 0.998189
1e-006 1.05e-006 0.998152
1.05e-006 1.05e-006 0.998158
1.1e-006 1.05e-006 0.998164
1.15e-006 1.05e-006 0.998169
1.2e-006 1.05e-006 0.998173
1.25e-006 1.05e-006 0.998177
1.3e-006 1.05e-006 0.99818
1.35e-006 1.05e-006 0.998183
1.4e-006 1.05e-006 0.998183
1.45e-006 1.05e-006 0.998187
1.5e-006 1.05e-006 0.99819
1e-006 1.1e-006 0.998152
1.05e-006 1.1e-006 0.998159
1.1e-006 1.1e-006 0.998165
1.15e-006 1.1e-006 0.99817
1.2e-006 1.1e-006 0.998174
1.25e-006 1.1e-006 0.998178
1.3e-006 1.1e-006 0.99818
1.35e-006 1.1e-006 0.998183
1.4e-006 1.1e-006 0.998185
1.45e-006 1.1e-006 0.998189
1.5e-006 1.1e-006 0.998189
1e-006 1.15e-006 0.998153
1.05e-006 1.15e-006 0.99816
1.1e-006 1.15e-006 0.998167
1.15e-006 1.15e-006 0.998172
1.2e-006 1.15e-006 0.998175
1.25e-006 1.15e-006 0.998179
1.3e-006 1.15e-006 0.998182
1.35e-006 1.15e-006 0.998184
1.4e-006 1.15e-006 0.998187
1.45e-006 1.15e-006 0.998189
1.5e-006 1.15e-006 0.99819
1e-006 1.2e-006 0.998156
1.05e-006 1.2e-006 0.998162
1.1e-006 1.2e-006 0.998169
1.15e-006 1.2e-006 0.998172
1.2e-006 1.2e-006 0.998177
1.25e-006 1.2e-006 0.99818
1.3e-006 1.2e-006 0.998183
1.35e-006 1.2e-006 0.998185
1.4e-006 1.2e-006 0.998188
1.45e-006 1.2e-006 0.99819
1.5e-006 1.2e-006 0.998193
1e-006 1.25e-006 0.998158
1.05e-006 1.25e-006 0.998163
1.1e-006 1.25e-006 0.99817
1.15e-006 1.25e-006 0.998175
1.2e-006 1.25e-006 0.998177
1.25e-006 1.25e-006 0.998182
1.3e-006 1.25e-006 0.998184
1.35e-006 1.25e-006 0.998187
1.4e-006 1.25e-006 0.998188
1.45e-006 1.25e-006 0.998191
1.5e-006 1.25e-006 0.998193
1e-006 1.3e-006 0.99816
1.05e-006 1.3e-006 0.998165
1.1e-006 1.3e-006 0.998172
1.15e-006 1.3e-006 0.998175
1.2e-006 1.3e-006 0.998179
1.25e-006 1.3e-006 0.998181
1.3e-006 1.3e-006 0.998186
1.35e-006 1.3e-006 0.998187
1.4e-006 1.3e-006 0.998189
1.45e-006 1.3e-006 0.998192
1.5e-006 1.3e-006 0.998194
